item1,item2,correlation
tape,red,0.880744601
red,tape,0.880744601
corp,air,0.666177325
air,corp,0.666177325
negro,white,0.651354934
white,negro,0.651354934
1,2,0.603452363
2,1,0.603452363
arm,forc,0.55621516
forc,arm,0.55621516
plant,defens,0.521074528
defens,plant,0.521074528
2,3,0.461627886
3,2,0.461627886
1,3,0.427878505
3,1,0.427878505
commiss,offic,0.425993653
offic,commiss,0.425993653
win,war,0.416981104
war,win,0.416981104
north,south,0.399700172
south,north,0.399700172
farmer,farm,0.399471413
farm,farmer,0.399471413
basic,train,0.393778985
train,basic,0.393778985
common,sens,0.385357119
sens,common,0.385357119
answer,question,0.385131199
question,answer,0.385131199
cook,food,0.372605043
food,cook,0.372605043
life,civilian,0.364773778
civilian,life,0.364773778
branch,servic,0.353979925
servic,branch,0.353979925
4,3,0.351531986
3,4,0.351531986
color,white,0.334791305
white,color,0.334791305
duti,extra,0.334743738
extra,duti,0.334743738
marri,singl,0.333020511
singl,marri,0.333020511
sick,extra,0.328557976
extra,sick,0.328557976
race,white,0.320787374
white,race,0.320787374
worker,strike,0.31891706
strike,worker,0.31891706
like,dislik,0.302665456
dislik,like,0.302665456
low,moral,0.295316519
moral,low,0.295316519
negro,race,0.290878067
race,negro,0.290878067
victori,nation,0.285193867
nation,victori,0.285193867
race,color,0.279675586
color,race,0.279675586
marri,wife,0.278540655
wife,marri,0.278540655
dai,pass,0.278234158
pass,dai,0.278234158
limit,servic,0.275154996
servic,limit,0.275154996
separ,negro,0.272508382
negro,separ,0.272508382
marri,famili,0.271328176
famili,marri,0.271328176
child,wife,0.267461056
wife,child,0.267461056
separ,white,0.266340891
white,separ,0.266340891
5,6,0.263519742
6,5,0.263519742
eat,food,0.261300839
food,eat,0.261300839
week,pass,0.260827867
pass,week,0.260827867
transport,bu,0.258852107
bu,transport,0.258852107
monei,wast,0.257485463
wast,monei,0.257485463
1,4,0.255910001
4,1,0.255910001
honest,opinion,0.251039745
opinion,honest,0.251039745
child,singl,0.248108785
singl,child,0.248108785
wast,time,0.24781826
time,wast,0.24781826
express,opinion,0.244276407
opinion,express,0.244276407
school,mechan,0.244153516
mechan,school,0.244153516
educ,opportun,0.240190712
opportun,educ,0.240190712
2,4,0.237756621
4,2,0.237756621
life,armi,0.237133487
armi,life,0.237133487
peopl,white,0.235507083
white,peopl,0.235507083
close,home,0.234425279
home,close,0.234425279
polic,militari,0.233647463
militari,polic,0.233647463
wonder,dai,0.232803764
dai,wonder,0.232803764
worri,wife,0.231963649
wife,worri,0.231963649
right,equal,0.23162572
equal,right,0.23162572
victori,complet,0.230298394
complet,victori,0.230298394
wait,line,0.230237695
line,wait,0.230237695
pai,monei,0.229734562
monei,pai,0.229734562
close,station,0.229225107
station,close,0.229225107
enjoi,freedom,0.227614304
freedom,enjoi,0.227614304
furlough,month,0.227259811
month,furlough,0.227259811
spend,time,0.22599131
time,spend,0.22599131
sick,call,0.225814534
call,sick,0.225814534
polic,town,0.224270648
town,polic,0.224270648
leader,com,0.223992322
com,leader,0.223992322
child,marri,0.221850119
marri,child,0.221850119
sick,night,0.221791727
night,sick,0.221791727
enlist,offic,0.219226341
offic,enlist,0.219226341
furlough,pass,0.219183422
pass,furlough,0.219183422
cook,eat,0.217514102
eat,cook,0.217514102
presid,talk,0.215419867
talk,presid,0.215419867
equal,negro,0.214241198
negro,equal,0.214241198
mess,eat,0.214062335
eat,mess,0.214062335
command,offic,0.21310674
offic,command,0.21310674
com,offic,0.212073539
offic,com,0.212073539
equal,white,0.21158056
white,equal,0.21158056
station,home,0.209592369
home,station,0.209592369
20,yr,0.209412581
yr,20,0.209412581
express,chanc,0.209264501
chanc,express,0.209264501
medic,corp,0.207444239
corp,medic,0.207444239
freedom,fight,0.207369239
fight,freedom,0.207369239
victori,peac,0.206634002
peac,victori,0.206634002
famili,wife,0.205467936
wife,famili,0.205467936
choic,includ,0.203889148
includ,choic,0.203889148
10,5,0.202387343
5,10,0.202387343
idea,questionnair,0.202374398
questionnair,idea,0.202374398
spend,monei,0.202081495
monei,spend,0.202081495
transfer,corp,0.201786884
corp,transfer,0.201786884
cloth,food,0.201511293
food,cloth,0.201511293
rate,sgt,0.20143916
sgt,rate,0.20143916
sick,bad,0.201334083
bad,sick,0.201334083
mix,white,0.200635169
white,mix,0.200635169
countri,fight,0.199525487
fight,countri,0.199525487
advanc,grade,0.197257064
grade,advanc,0.197257064
rate,month,0.197172015
month,rate,0.197172015
fight,war,0.196815851
war,fight,0.196815851
express,idea,0.196118517
idea,express,0.196118517
peopl,color,0.195736488
color,peopl,0.195736488
defens,farm,0.195422669
farm,defens,0.195422669
plai,polit,0.194679257
polit,plai,0.194679257
condit,live,0.19401497
live,condit,0.19401497
southern,negro,0.191772907
negro,southern,0.191772907
club,servic,0.191564455
servic,club,0.191564455
complet,basic,0.191036761
basic,complet,0.191036761
transport,pass,0.190531264
pass,transport,0.190531264
classifi,branch,0.189606053
branch,classifi,0.189606053
transport,camp,0.189058314
camp,transport,0.189058314
right,negro,0.188420384
negro,right,0.188420384
woman,draft,0.188199002
draft,woman,0.188199002
engin,skill,0.188131005
skill,engin,0.188131005
equal,race,0.187525275
race,equal,0.187525275
southern,white,0.187451351
white,southern,0.187451351
forc,air,0.186645741
air,forc,0.186645741
night,hour,0.186544125
hour,night,0.186544125
trade,skill,0.185076582
skill,trade,0.185076582
sick,duti,0.184102504
duti,sick,0.184102504
privat,com,0.1839421
com,privat,0.1839421
low,hate,0.183640372
hate,low,0.183640372
superior,promot,0.182619131
promot,superior,0.182619131
promot,abil,0.181276519
abil,promot,0.181276519
southern,south,0.179484843
south,southern,0.179484843
pick,com,0.178938064
com,pick,0.178938064
skill,classif,0.178001632
classif,skill,0.178001632
mix,negro,0.177800431
negro,mix,0.177800431
pretti,cover,0.177392794
cover,pretti,0.177392794
furlough,basic,0.177238961
basic,furlough,0.177238961
mix,race,0.175669654
race,mix,0.175669654
right,white,0.175528933
white,right,0.175528933
intellig,commiss,0.175039405
commiss,intellig,0.175039405
meal,eat,0.174432956
eat,meal,0.174432956
mess,food,0.173920519
food,mess,0.173920519
duti,combat,0.173221113
combat,duti,0.173221113
transfer,air,0.173191063
air,transfer,0.173191063
school,month,0.172390952
month,school,0.172390952
south,white,0.172058979
white,south,0.172058979
job,armi,0.171779784
armi,job,0.171779784
air,branch,0.170956621
branch,air,0.170956621
class,equal,0.170660992
equal,class,0.170660992
stand,speak,0.170355148
speak,stand,0.170355148
furlough,home,0.169875838
home,furlough,0.169875838
wait,hour,0.16979681
hour,wait,0.16979681
air,enlist,0.169475763
enlist,air,0.169475763
skill,mechan,0.168624862
plane,mechan,0.168624862
mechan,skill,0.168624862
mechan,plane,0.168624862
dai,week,0.168527355
week,dai,0.168527355
system,classif,0.168477112
classif,system,0.168477112
bui,club,0.168365393
club,bui,0.168365393
wife,home,0.168099964
home,wife,0.168099964
child,famili,0.166447576
famili,child,0.166447576
negro,question,0.166312971
question,negro,0.166312971
6,month,0.16609169
month,6,0.16609169
commiss,com,0.165904218
com,commiss,0.165904218
educ,equal,0.165267266
equal,educ,0.165267266
com,command,0.165008716
command,com,0.165008716
victori,realiz,0.164865934
realiz,victori,0.164865934
poor,food,0.164728058
food,poor,0.164728058
30,4,0.164595551
4,30,0.164595551
south,negro,0.164275696
negro,south,0.164275696
rate,com,0.164267909
com,rate,0.164267909
ahead,major,0.163660127
major,ahead,0.163660127
worker,defens,0.163660127
defens,worker,0.163660127
fit,job,0.162713488
job,fit,0.162713488
system,1,0.162560824
1,system,0.162560824
opinion,questionnair,0.162267472
questionnair,opinion,0.162267472
treat,south,0.162017593
south,treat,0.162017593
5,month,0.161894469
month,5,0.161894469
unit,combat,0.16189151
physic,combat,0.16189151
combat,unit,0.16189151
combat,physic,0.16189151
bui,pai,0.161470115
pai,bui,0.161470115
plane,10,0.161128491
10,plane,0.161128491
rank,offic,0.161021539
offic,rank,0.161021539
fit,branch,0.16027638
branch,fit,0.16027638
equal,color,0.160261277
color,equal,0.160261277
sick,hour,0.160246077
hour,sick,0.160246077
furlough,week,0.159985299
week,furlough,0.159985299
mess,cook,0.159267445
cook,mess,0.159267445
matter,inform,0.15921267
inform,matter,0.15921267
town,bu,0.159022635
bu,town,0.159022635
civilian,armi,0.158783418
armi,civilian,0.158783418
cook,meal,0.157868256
meal,cook,0.157868256
negro,peopl,0.157672596
peopl,negro,0.157672596
fit,cloth,0.157658541
cloth,fit,0.157658541
south,peopl,0.157504426
peopl,south,0.157504426
week,time,0.157422671
time,week,0.157422671
mechan,experi,0.156589822
experi,mechan,0.156589822
transfer,branch,0.156546374
branch,transfer,0.156546374
meal,food,0.156518777
food,meal,0.156518777
woman,marri,0.156475003
marri,woman,0.156475003
inspect,pass,0.156273753
pass,inspect,0.156273753
5,2,0.156253278
2,5,0.156253278
infantri,branch,0.155896961
branch,infantri,0.155896961
mile,station,0.155726129
station,mile,0.155726129
lose,combat,0.155659586
combat,lose,0.155659586
school,offic,0.155537888
offic,school,0.155537888
rate,privat,0.155374312
privat,rate,0.155374312
cover,subject,0.155095192
subject,cover,0.155095192
marri,home,0.154871605
home,marri,0.154871605
choic,draft,0.154590984
draft,choic,0.154590984
peac,nation,0.154580859
nation,peac,0.154580859
stop,clean,0.154502994
clean,stop,0.154502994
includ,question,0.154287905
question,includ,0.154287905
2,week,0.154264048
week,2,0.154264048
free,detail,0.154209028
detail,free,0.154209028
town,citi,0.15411108
citi,town,0.15411108
short,time,0.153037417
time,short,0.153037417
noncom,bunch,0.152943348
polic,unfair,0.152943348
bunch,noncom,0.152943348
unfair,polic,0.152943348
classifi,infantri,0.152937701
classifi,classif,0.152937701
infantri,classifi,0.152937701
classif,classifi,0.152937701
infantri,mechan,0.15281129
mechan,infantri,0.15281129
furlough,3,0.15255171
3,furlough,0.15255171
pass,camp,0.152145437
camp,pass,0.152145437
intellig,abil,0.151801252
abil,intellig,0.151801252
defens,pai,0.151665618
pai,defens,0.151665618
time,train,0.151478638
train,time,0.151478638
futur,start,0.15141273
start,futur,0.15141273
clean,mess,0.151239016
mess,clean,0.151239016
bu,servic,0.150999937
servic,bu,0.150999937
effort,war,0.150966054
war,effort,0.150966054
civilian,line,0.150945722
line,civilian,0.150945722
night,4,0.150560443
4,night,0.150560443
town,transport,0.150217468
transport,town,0.150217468
result,hour,0.150094642
hour,result,0.150094642
chanc,fair,0.149822081
fair,chanc,0.149822081
express,questionnair,0.149280257
questionnair,express,0.149280257
plane,20,0.149245559
20,plane,0.149245559
5,4,0.148934213
4,5,0.148934213
worri,famili,0.148710389
famili,worri,0.148710389
limit,fit,0.148658414
fit,limit,0.148658414
offic,cooper,0.148472619
cooper,offic,0.148472619
questionair,idea,0.148445934
idea,questionair,0.148445934
test,write,0.148029088
write,test,0.148029088
learn,forget,0.147946522
forget,learn,0.147946522
handl,job,0.14787584
job,handl,0.14787584
system,advanc,0.147616832
advanc,system,0.147616832
equip,experi,0.147581783
experi,equip,0.147581783
nation,guard,0.147354714
guard,nation,0.147354714
30,combat,0.147096359
combat,30,0.147096359
inform,idea,0.146849893
idea,inform,0.146849893
worri,carri,0.14659753
carri,worri,0.14659753
choic,branch,0.146562408
branch,choic,0.146562408
10,6,0.146126848
6,10,0.146126848
peopl,war,0.145907907
war,peopl,0.145907907
hold,job,0.145896914
job,hold,0.145896914
duti,guard,0.145867176
guard,duti,0.145867176
4,month,0.145606691
month,4,0.145606691
lead,make,0.145205005
make,lead,0.145205005
physic,ag,0.145171493
ag,physic,0.145171493
break,moral,0.145110302
moral,break,0.145110302
opinion,idea,0.145100715
idea,opinion,0.145100715
home,pass,0.145050936
pass,home,0.145050936
classif,test,0.144997878
test,classif,0.144997878
promot,chanc,0.144946796
chanc,promot,0.144946796
night,30,0.144578118
night,free,0.144578118
30,night,0.144578118
free,night,0.144578118
negro,color,0.144320578
color,negro,0.144320578
charg,bui,0.144205181
bui,charg,0.144205181
hope,war,0.144003771
war,hope,0.144003771
trade,civilian,0.143949701
civilian,trade,0.143949701
choic,servic,0.143868673
servic,choic,0.143868673
famili,home,0.143606346
home,famili,0.143606346
corp,branch,0.143521027
branch,corp,0.143521027
privat,abil,0.143017688
abil,privat,0.143017688
job,war,0.142761874
war,job,0.142761874
limit,defens,0.142111653
defens,limit,0.142111653
outfit,guard,0.142035731
guard,outfit,0.142035731
station,week,0.14194616
week,station,0.14194616
3,week,0.14190614
week,3,0.14190614
idea,soldier,0.141729208
soldier,idea,0.141729208
lose,prove,0.14169122
prove,lose,0.14169122
sick,30,0.140926858
30,sick,0.140926858
famili,singl,0.14078151
singl,famili,0.14078151
3,pass,0.140755679
pass,3,0.140755679
moral,divis,0.14056669
divis,moral,0.14056669
class,white,0.139989373
white,class,0.139989373
infantri,air,0.13995737
air,infantri,0.13995737
advanc,abil,0.139917151
abil,advanc,0.139917151
transfer,outfit,0.139913772
outfit,transfer,0.139913772
outfit,combat,0.139861692
combat,outfit,0.139861692
club,pass,0.139839739
pass,club,0.139839739
separ,southern,0.139780347
southern,separ,0.139780347
half,bui,0.139780347
bui,half,0.139780347
command,compani,0.139571473
compani,command,0.139571473
sgt,grade,0.139422585
grade,sgt,0.139422585
time,armi,0.139325735
armi,time,0.139325735
bu,camp,0.139250569
camp,bu,0.139250569
lose,fight,0.139148945
fight,lose,0.139148945
ahead,promot,0.139068527
promot,ahead,0.139068527
town,camp,0.13902783
camp,town,0.13902783
inform,answer,0.138908737
answer,inform,0.138908737
school,rate,0.138862649
rate,school,0.138862649
carri,effort,0.138811427
effort,carri,0.138811427
privat,commiss,0.138672756
commiss,privat,0.138672756
trade,plant,0.137935004
plant,trade,0.137935004
receiv,train,0.137891033
train,receiv,0.137891033
navi,guard,0.137744984
guard,navi,0.137744984
spend,3,0.137726533
3,spend,0.137726533
reason,5,0.137693049
5,reason,0.137693049
engin,corp,0.137581971
corp,engin,0.137581971
real,type,0.137334223
type,real,0.137334223
enter,air,0.137047284
air,enter,0.137047284
physic,due,0.13693957
due,physic,0.13693957
inspect,time,0.136810419
time,inspect,0.136810419
free,freedom,0.136323688
freedom,free,0.136323688
close,bring,0.136162083
bring,close,0.136162083
offic,armi,0.135637057
armi,offic,0.135637057
furlough,dai,0.135615668
dai,furlough,0.135615668
nation,war,0.13529861
war,nation,0.13529861
educ,major,0.135290588
major,educ,0.135290588
condit,due,0.135062213
due,condit,0.135062213
red,cut,0.135043423
organ,system,0.135043423
system,organ,0.135043423
cut,red,0.135043423
treat,bunch,0.134956559
bunch,treat,0.134956559
white,fight,0.134941294
fight,white,0.134941294
section,hate,0.134885487
hate,section,0.134885487
TRUE,inform,0.134885487
inform,TRUE,0.134885487
sick,drill,0.134741854
drill,sick,0.134741854
class,low,0.134426459
low,class,0.134426459
choos,com,0.13429306
com,choos,0.13429306
peac,world,0.134212406
world,peac,0.134212406
eat,poor,0.134051474
poor,eat,0.134051474
month,time,0.133986413
time,month,0.133986413
low,divis,0.133821847
divis,low,0.133821847
school,qualifi,0.13376908
qualifi,school,0.13376908
night,1,0.133730974
1,night,0.133730974
30,week,0.133496814
transport,week,0.133496814
free,week,0.133496814
week,30,0.133496814
week,transport,0.133496814
week,free,0.133496814
charg,author,0.133371619
meal,cloth,0.133371619
cloth,meal,0.133371619
author,charg,0.133371619
rate,outfit,0.133269493
outfit,rate,0.133269493
sgt,abil,0.133094392
abil,sgt,0.133094392
engin,experi,0.132926658
experi,engin,0.132926658
speak,mind,0.13288594
mind,speak,0.13288594
like,underlin,0.132556391
underlin,like,0.132556391
govern,war,0.132507046
war,govern,0.132507046
peac,war,0.132400909
war,peac,0.132400909
club,transport,0.132366727
transport,club,0.132366727
medic,infantri,0.132295493
infantri,medic,0.132295493
furlough,fellow,0.13229016
fellow,furlough,0.13229016
night,sleep,0.132195215
sleep,night,0.132195215
fight,combat,0.132060687
combat,fight,0.132060687
town,post,0.132032955
post,town,0.132032955
sick,hand,0.131900876
sick,medic,0.131900876
hand,sick,0.131900876
medic,sick,0.131900876
negro,fight,0.131770468
fight,negro,0.131770468
experi,qualifi,0.131614792
qualifi,experi,0.131614792
mechan,air,0.131614792
air,mechan,0.131614792
worker,pai,0.131577138
pai,worker,0.131577138
right,race,0.1314839
race,right,0.1314839
inform,mean,0.131380664
classifi,special,0.131380664
inform,subject,0.131380664
presid,bunch,0.131380664
teach,word,0.131380664
special,classifi,0.131380664
mean,inform,0.131380664
subject,inform,0.131380664
word,teach,0.131380664
presid,victori,0.131380664
bunch,presid,0.131380664
victori,presid,0.131380664
respect,offic,0.130935905
offic,respect,0.130935905
commiss,abil,0.130479309
abil,commiss,0.130479309
bad,extra,0.130465968
bad,leader,0.130465968
extra,bad,0.130465968
leader,bad,0.130465968
divis,outfit,0.130164381
outfit,divis,0.130164381
school,experi,0.12997098
experi,school,0.12997098
physic,fit,0.12990285
fit,physic,0.12990285
hour,week,0.129865892
week,hour,0.129865892
abil,offic,0.129687759
offic,abil,0.129687759
trade,defens,0.129679252
defens,trade,0.129679252
test,type,0.129488159
type,test,0.129488159
damn,hell,0.129356109
hell,damn,0.129356109
sick,command,0.129341212
command,sick,0.129341212
detail,extra,0.129334886
club,cloth,0.129334886
cloth,club,0.129334886
charg,club,0.129334886
child,woman,0.129334886
extra,detail,0.129334886
club,charg,0.129334886
woman,child,0.129334886
underlin,unfair,0.129239473
unfair,underlin,0.129239473
marri,draft,0.129228716
draft,marri,0.129228716
superior,offic,0.12921668
offic,superior,0.12921668
rate,abil,0.12909321
abil,rate,0.12909321
limit,corp,0.129091886
corp,limit,0.129091886
6,experi,0.129072857
experi,6,0.129072857
pai,peopl,0.129026112
peopl,pai,0.129026112
cloth,poor,0.128903265
poor,cloth,0.128903265
worri,troubl,0.128846807
troubl,worri,0.128846807
system,3,0.128670676
3,system,0.128670676
engin,qualifi,0.128644684
qualifi,engin,0.128644684
consider,deserv,0.128558325
deserv,consider,0.128558325
10,consider,0.128558325
consider,10,0.128558325
sick,boi,0.128430072
boi,sick,0.128430072
moral,hate,0.128336448
hate,moral,0.128336448
mechan,train,0.128236849
train,mechan,0.128236849
physic,classif,0.128120927
classif,physic,0.128120927
woman,fit,0.128052213
fit,woman,0.128052213
station,train,0.127793953
train,station,0.127793953
offic,author,0.127645843
author,offic,0.127645843
treat,equal,0.127500149
equal,treat,0.127500149
3,month,0.127340615
month,3,0.127340615
pass,time,0.127260064
time,pass,0.127260064
1,5,0.126924691
5,1,0.126924691
averag,soldier,0.126715255
soldier,averag,0.126715255
week,camp,0.126701884
camp,week,0.126701884
mile,camp,0.126608354
camp,mile,0.126608354
troubl,start,0.12660509
start,troubl,0.12660509
marri,check,0.126567719
check,marri,0.126567719
drill,extra,0.126472593
extra,drill,0.126472593
stand,color,0.126046944
color,stand,0.126046944
detail,4,0.126037799
4,detail,0.126037799
engin,field,0.125961936
field,engin,0.125961936
serv,countri,0.125919436
countri,serv,0.125919436
educ,person,0.125754282
person,educ,0.125754282
superior,enlist,0.125539884
free,duti,0.125539884
duti,free,0.125539884
enlist,superior,0.125539884
home,armi,0.125431168
armi,home,0.125431168
corp,enlist,0.125271425
enlist,corp,0.125271425
charg,offic,0.125158672
offic,charg,0.125158672
read,write,0.125042081
write,read,0.125042081
worker,war,0.124950405
war,worker,0.124950405
privat,offic,0.124947317
offic,privat,0.124947317
subject,question,0.124841545
question,subject,0.124841545
low,hand,0.124800584
hand,low,0.124800584
20,damn,0.124727359
damn,20,0.124727359
leader,poor,0.124618103
poor,leader,0.124618103
short,month,0.124393196
month,short,0.124393196
abil,command,0.124378853
command,abil,0.124378853
hour,time,0.1243128
time,hour,0.1243128
month,armi,0.12427242
armi,month,0.12427242
equal,peopl,0.124212075
peopl,equal,0.124212075
tell,dai,0.124073239
dai,tell,0.124073239
low,grade,0.123960048
skill,qualifi,0.123960048
grade,low,0.123960048
qualifi,skill,0.123960048
detail,bring,0.123876095
bring,detail,0.123876095
natur,abil,0.123790965
abil,natur,0.123790965
plant,strike,0.123764122
leader,hand,0.123764122
hand,leader,0.123764122
show,worth,0.123764122
strike,plant,0.123764122
worth,show,0.123764122
skill,wast,0.123755735
wast,skill,0.123755735
monei,send,0.123614329
send,monei,0.123614329
month,train,0.123581089
train,month,0.123581089
half,time,0.12343471
time,half,0.12343471
navi,air,0.123359562
air,navi,0.123359562
send,home,0.123155433
home,send,0.123155433
tell,send,0.123109186
send,tell,0.123109186
3,command,0.123041593
command,3,0.123041593
give,chanc,0.12286041
chanc,give,0.12286041
promot,com,0.122757786
com,promot,0.122757786
help,win,0.12265765
win,help,0.12265765
armi,soldier,0.122553677
soldier,armi,0.122553677
dislik,posit,0.122545273
ahead,make,0.122545273
make,ahead,0.122545273
posit,dislik,0.122545273
inspect,dai,0.122543074
dai,inspect,0.122543074
ship,wait,0.122520281
wait,ship,0.122520281
mile,home,0.122489509
home,mile,0.122489509
special,train,0.122473594
train,special,0.122473594
countri,war,0.122448332
war,countri,0.122448332
complet,mind,0.122360082
mind,complet,0.122360082
matter,person,0.122251337
person,matter,0.122251337
engin,serv,0.122218712
serv,engin,0.122218712
hate,cloth,0.122109208
cloth,hate,0.122109208
organ,qualifi,0.122103617
qualifi,organ,0.122103617
monei,peopl,0.121926565
peopl,monei,0.121926565
post,pass,0.121901212
pass,post,0.121901212
sick,start,0.121893234
start,sick,0.121893234
moral,camp,0.121711077
camp,moral,0.121711077
free,special,0.121703905
special,free,0.121703905
transfer,hate,0.121635426
hate,transfer,0.121635426
TRUE,physic,0.121635426
physic,TRUE,0.121635426
draft,servic,0.12152941
servic,draft,0.12152941
treat,respect,0.121503285
respect,treat,0.121503285
woman,job,0.121351785
job,woman,0.121351785
abil,com,0.121278174
com,abil,0.121278174
experi,branch,0.121219156
branch,experi,0.121219156
unclear,carri,0.121211932
carri,unclear,0.121211932
organ,leader,0.121195727
pick,choos,0.121195727
choos,pick,0.121195727
concern,club,0.121195727
leader,organ,0.121195727
club,concern,0.121195727
physic,condit,0.121166842
condit,physic,0.121166842
differ,white,0.120991857
white,differ,0.120991857
sgt,test,0.120981452
test,sgt,0.120981452
cut,week,0.120909624
week,cut,0.120909624
free,allow,0.120846487
allow,free,0.120846487
abil,armi,0.120637827
armi,abil,0.120637827
underlin,rest,0.120479037
rest,underlin,0.120479037
chang,mind,0.120395793
mind,chang,0.120395793
trade,learn,0.120335622
learn,trade,0.120335622
wear,commiss,0.120269747
commiss,wear,0.120269747
corp,civilian,0.120239159
civilian,corp,0.120239159
marri,live,0.120120849
live,marri,0.120120849
town,close,0.120077442
close,town,0.120077442
5,privat,0.120021276
privat,5,0.120021276
treat,offic,0.120011228
offic,treat,0.120011228
hour,sleep,0.119856429
sleep,hour,0.119856429
give,furlough,0.119838476
furlough,give,0.119838476
mind,armi,0.119775428
armi,mind,0.119775428
strike,war,0.119561421
war,strike,0.119561421
posit,qualifi,0.119539394
classif,qualifi,0.119539394
qualifi,posit,0.119539394
classif,mechan,0.119539394
low,break,0.119539394
break,low,0.119539394
qualifi,classif,0.119539394
mechan,classif,0.119539394
like,action,0.119366044
presid,action,0.119366044
power,nation,0.119366044
nation,power,0.119366044
action,like,0.119366044
action,presid,0.119366044
choos,branch,0.119335824
branch,choos,0.119335824
carri,time,0.119305676
time,carri,0.119305676
world,war,0.119276032
war,world,0.119276032
satisfi,corp,0.119166605
corp,satisfi,0.119166605
tell,enlist,0.119143983
enlist,tell,0.119143983
call,hand,0.119064174
system,experi,0.119064174
hand,call,0.119064174
experi,system,0.119064174
abil,duti,0.118917669
duti,abil,0.118917669
child,teach,0.118855527
teach,child,0.118855527
result,extra,0.118755327
extra,result,0.118755327
live,freedom,0.118719456
freedom,live,0.118719456
transport,citi,0.118602248
superior,clean,0.118602248
20,30,0.118602248
citi,transport,0.118602248
30,20,0.118602248
clean,superior,0.118602248
transport,furlough,0.118551669
furlough,transport,0.118551669
separ,race,0.118412542
race,separ,0.118412542
peac,hand,0.1182398
southern,north,0.1182398
north,southern,0.1182398
hand,peac,0.1182398
week,basic,0.118150991
basic,week,0.118150991
abil,polit,0.11812839
polit,abil,0.11812839
infantri,corp,0.118121413
classif,corp,0.118121413
corp,infantri,0.118121413
corp,classif,0.118121413
underlin,drill,0.117891337
drill,underlin,0.117891337
educ,experi,0.117797781
experi,educ,0.117797781
care,meal,0.117790304
meal,care,0.117790304
deserv,pick,0.117628417
pick,deserv,0.117628417
enjoi,mile,0.117628417
mile,enjoi,0.117628417
hour,oversea,0.117323451
oversea,hour,0.117323451
deserv,privat,0.117255629
privat,deserv,0.117255629
major,qualifi,0.117096884
qualifi,major,0.117096884
break,poor,0.117023086
poor,break,0.117023086
limit,duti,0.116972321
duti,limit,0.116972321
natur,differ,0.116769615
southern,hate,0.116769615
hate,southern,0.116769615
differ,natur,0.116769615
bui,wear,0.116769615
TRUE,help,0.116769615
wear,bui,0.116769615
help,TRUE,0.116769615
1,guard,0.116726524
guard,1,0.116726524
treat,negro,0.116466233
negro,treat,0.116466233
pai,hour,0.116463675
hour,pai,0.116463675
defens,strike,0.116432258
enter,choos,0.116432258
choos,enter,0.116432258
defens,woman,0.116432258
strike,defens,0.116432258
woman,defens,0.116432258
infantri,servic,0.116364501
servic,infantri,0.116364501
trade,monei,0.116259199
monei,trade,0.116259199
post,week,0.116059088
week,post,0.116059088
monei,time,0.11598347
time,monei,0.11598347
war,start,0.115869142
start,war,0.115869142
plane,class,0.115791198
class,plane,0.115791198
limit,combat,0.115762653
combat,limit,0.115762653
transport,speak,0.115687361
speak,transport,0.115687361
teach,rate,0.115650727
rate,teach,0.115650727
pai,civilian,0.115618283
civilian,pai,0.115618283
school,armi,0.115576505
armi,school,0.115576505
underlin,medic,0.115444023
medic,underlin,0.115444023
1,combat,0.115418653
combat,1,0.115418653
call,extra,0.115263259
extra,call,0.115263259
deserv,break,0.115239876
break,deserv,0.115239876
lead,life,0.115104773
life,lead,0.115104773
offic,field,0.115041681
field,offic,0.115041681
care,pick,0.114934444
pick,care,0.114934444
unfair,fair,0.11492534
fair,unfair,0.11492534
victori,fight,0.114898941
fight,victori,0.114898941
town,soldier,0.114455059
soldier,town,0.114455059
hold,draft,0.114417298
draft,hold,0.114417298
satisfi,air,0.114408829
air,satisfi,0.114408829
train,armi,0.114404022
armi,train,0.114404022
experi,job,0.11435417
job,experi,0.11435417
life,live,0.114340777
live,life,0.114340777
tape,cut,0.114306821
night,inspect,0.114306821
concern,word,0.114306821
cut,tape,0.114306821
word,concern,0.114306821
inspect,night,0.114306821
averag,leader,0.114217066
averag,choos,0.114217066
leader,averag,0.114217066
choos,averag,0.114217066
pick,offic,0.114157507
organ,offic,0.114157507
offic,pick,0.114157507
offic,organ,0.114157507
learn,line,0.114147044
line,learn,0.114147044
abil,grade,0.114039766
grade,abil,0.114039766
take,fellow,0.114038748
fellow,take,0.114038748
close,soldier,0.114012427
soldier,close,0.114012427
care,choos,0.113929388
choos,care,0.113929388
famili,govern,0.113885295
govern,famili,0.113885295
limit,physic,0.113810077
physic,limit,0.113810077
monei,countri,0.113793074
countri,monei,0.113793074
clean,food,0.113787132
food,clean,0.113787132
classifi,draft,0.113781517
wear,privat,0.113781517
privat,wear,0.113781517
draft,classifi,0.113781517
experi,posit,0.113739809
posit,experi,0.113739809
classif,experi,0.113739809
experi,classif,0.113739809
wait,dislik,0.113669763
dislik,wait,0.113669763
southern,subject,0.113618785
matter,subject,0.113618785
help,damn,0.113618785
subject,southern,0.113618785
damn,help,0.113618785
subject,matter,0.113618785
camp,train,0.11351518
train,camp,0.11351518
privat,field,0.113488807
field,privat,0.113488807
intellig,offic,0.113430523
offic,intellig,0.113430523
moral,furlough,0.113361493
furlough,moral,0.113361493
rate,polit,0.113245085
polit,rate,0.113245085
classif,type,0.113162602
classif,individu,0.113162602
improv,test,0.113162602
test,improv,0.113162602
type,classif,0.113162602
individu,classif,0.113162602
enter,servic,0.113131804
servic,enter,0.113131804
charg,com,0.11303801
com,charg,0.11303801
outfit,offic,0.112969476
offic,outfit,0.112969476
hour,bad,0.112796148
6,3,0.112796148
hour,3,0.112796148
3,6,0.112796148
bad,hour,0.112796148
3,hour,0.112796148
field,train,0.112680788
train,field,0.112680788
monei,strike,0.112630397
strike,monei,0.112630397
outfit,grade,0.112619016
grade,outfit,0.112619016
close,send,0.112616394
send,close,0.112616394
call,rate,0.112574852
rate,call,0.112574852
spend,mechan,0.112538941
mechan,spend,0.112538941
physic,servic,0.112462208
servic,physic,0.112462208
ship,basic,0.112426766
matter,forc,0.112426766
plant,farm,0.112426766
farm,plant,0.112426766
forc,matter,0.112426766
basic,ship,0.112426766
white,question,0.112378188
question,white,0.112378188
hate,south,0.112348003
classifi,corp,0.112348003
south,hate,0.112348003
corp,classifi,0.112348003
find,feel,0.112343808
feel,find,0.112343808
camp,soldier,0.112221075
soldier,camp,0.112221075
draft,combat,0.112122847
combat,draft,0.112122847
job,train,0.112122024
train,job,0.112122024
free,hold,0.112066881
unit,advanc,0.112066881
advanc,unit,0.112066881
hold,free,0.112066881
week,train,0.112032745
train,week,0.112032745
hell,time,0.112026022
time,hell,0.112026022
month,duti,0.111979455
duti,month,0.111979455
tape,rank,0.111966146
intellig,posit,0.111966146
intellig,make,0.111966146
posit,intellig,0.111966146
make,intellig,0.111966146
result,inspect,0.111966146
result,section,0.111966146
inspect,result,0.111966146
section,result,0.111966146
like,fine,0.111966146
rank,tape,0.111966146
fine,like,0.111966146
test,pass,0.111897856
pass,test,0.111897856
mention,includ,0.111896894
includ,mention,0.111896894
choic,mention,0.111896894
mention,choic,0.111896894
differ,peopl,0.111738243
bui,peopl,0.111738243
peopl,differ,0.111738243
peopl,bui,0.111738243
classif,branch,0.111723248
branch,classif,0.111723248
practic,experi,0.111650691
experi,practic,0.111650691
marri,ag,0.111638434
ag,marri,0.111638434
5,sgt,0.111499263
sgt,5,0.111499263
stop,live,0.111449769
live,stop,0.111449769
polic,author,0.111234389
noncom,ahead,0.111234389
plane,worker,0.111234389
ahead,noncom,0.111234389
author,polic,0.111234389
worker,plane,0.111234389
concern,subject,0.111202953
night,happen,0.111202953
subject,concern,0.111202953
happen,night,0.111202953
send,month,0.111076239
month,send,0.111076239
form,opinion,0.110923091
opinion,form,0.110923091
underlin,infantri,0.110921799
infantri,underlin,0.110921799
commiss,grade,0.110833258
grade,commiss,0.110833258
dai,time,0.11081216
time,dai,0.11081216
wonder,averag,0.110797192
averag,wonder,0.110797192
rank,enlist,0.110721864
enlist,rank,0.110721864
job,time,0.11064189
time,job,0.11064189
matter,chang,0.110630346
chang,matter,0.110630346
reason,school,0.110626302
school,reason,0.110626302
physic,train,0.110585717
train,physic,0.110585717
right,freedom,0.110539161
freedom,right,0.110539161
singl,draft,0.11053187
draft,singl,0.11053187
realiz,hard,0.110509129
hard,realiz,0.110509129
equip,person,0.110503273
person,equip,0.110503273
6,mechan,0.110407016
mechan,6,0.110407016
spend,hour,0.110407016
hour,spend,0.110407016
wait,stand,0.110407016
stand,wait,0.110407016
commiss,speak,0.11034984
speak,commiss,0.11034984
free,sgt,0.110345643
superior,due,0.110345643
gripe,tell,0.110345643
superior,tell,0.110345643
tell,gripe,0.110345643
sgt,free,0.110345643
due,superior,0.110345643
tell,superior,0.110345643
experi,armi,0.110331943
armi,experi,0.110331943
live,negro,0.110258473
negro,live,0.110258473
questionair,opinion,0.11022123
opinion,questionair,0.11022123
u.,world,0.110123759
world,u.,0.110123759
hour,strike,0.110077545
strike,hour,0.110077545
questionnair,person,0.110072064
person,questionnair,0.110072064
unfair,peopl,0.110001124
victori,peopl,0.110001124
peopl,unfair,0.110001124
peopl,victori,0.110001124
boi,outfit,0.109852681
outfit,boi,0.109852681
plane,rate,0.109809479
plane,school,0.109809479
rate,plane,0.109809479
school,plane,0.109809479
TRUE,american,0.109737427
american,TRUE,0.109737427
send,train,0.109704158
train,send,0.109704158
deal,war,0.109532644
war,deal,0.109532644
treat,unfair,0.109470481
unfair,treat,0.109470481
talk,fight,0.109439741
fight,talk,0.109439741
separ,color,0.109368021
color,separ,0.109368021
corp,servic,0.109320147
servic,corp,0.109320147
school,advanc,0.109280011
advanc,school,0.109280011
enter,branch,0.10916456
branch,enter,0.10916456
right,peopl,0.108941466
peopl,right,0.108941466
result,damn,0.108906615
unfair,infantri,0.108906615
infantri,unfair,0.108906615
damn,result,0.108906615
differ,color,0.108897224
color,differ,0.108897224
separ,differ,0.108897224
equal,southern,0.108897224
southern,equal,0.108897224
separ,privileg,0.108897224
differ,separ,0.108897224
privileg,separ,0.108897224
class,major,0.108872623
major,class,0.108872623
promot,grade,0.108823374
grade,promot,0.108823374
send,camp,0.108741853
camp,send,0.108741853
instanc,qualifi,0.108725611
mile,stand,0.108725611
stand,mile,0.108725611
qualifi,instanc,0.108725611
system,moral,0.108602273
moral,system,0.108602273
test,averag,0.108553837
averag,test,0.108553837
treat,color,0.108523344
color,treat,0.108523344
time,food,0.108385383
food,time,0.108385383
town,pass,0.108327635
pass,town,0.108327635
wait,6,0.108300278
6,wait,0.108300278
night,citi,0.108293116
citi,night,0.108293116
half,town,0.108287269
town,half,0.108287269
classifi,experi,0.108282313
power,call,0.108282313
call,power,0.108282313
experi,classifi,0.108282313
express,soldier,0.108004208
soldier,express,0.108004208
stai,armi,0.107984317
armi,stai,0.107984317
job,servic,0.107891934
servic,job,0.107891934
speak,hand,0.107888589
hand,speak,0.107888589
skill,carri,0.107885778
carri,skill,0.107885778
allow,hold,0.107872678
hold,allow,0.107872678
educ,physic,0.107872678
physic,educ,0.107872678
grade,poor,0.107824633
poor,grade,0.107824633
complet,subject,0.107755774
subject,complet,0.107755774
honest,express,0.107755774
express,honest,0.107755774
charg,pai,0.107682628
pai,charg,0.107682628
inform,find,0.107611652
intellig,averag,0.107611652
averag,intellig,0.107611652
find,inform,0.107611652
chanc,job,0.107513961
job,chanc,0.107513961
educ,break,0.107509379
educ,classif,0.107509379
break,educ,0.107509379
classif,educ,0.107509379
20,privat,0.10748233
privat,20,0.10748233
sick,read,0.107482055
read,sick,0.107482055
2,guard,0.1074168
guard,2,0.1074168
home,soldier,0.1073709
soldier,home,0.1073709
opinion,soldier,0.107233302
soldier,opinion,0.107233302
advanc,poor,0.107204938
poor,advanc,0.107204938
TRUE,opinion,0.107081176
opinion,TRUE,0.107081176
pai,mention,0.106887928
mention,pai,0.106887928
realiz,war,0.106749346
war,realiz,0.106749346
sick,2,0.106667154
2,sick,0.106667154
instanc,person,0.106639604
person,instanc,0.106639604
town,mile,0.106619325
mile,town,0.106619325
experi,offic,0.106616902
offic,experi,0.106616902
satisfi,month,0.106588994
month,satisfi,0.106588994
nation,unit,0.106572218
unit,nation,0.106572218
take,duti,0.106457655
5,duti,0.106457655
duti,take,0.106457655
duti,5,0.106457655
educ,white,0.106451014
white,educ,0.106451014
militari,civilian,0.106429101
bui,civilian,0.106429101
civilian,militari,0.106429101
civilian,bui,0.106429101
promot,plai,0.106426304
5,cut,0.106426304
promot,pick,0.106426304
plai,promot,0.106426304
pick,promot,0.106426304
cut,5,0.106426304
commiss,field,0.10638892
field,commiss,0.10638892
wait,learn,0.106280764
learn,wait,0.106280764
test,extra,0.106279487
extra,test,0.106279487
limit,woman,0.106279487
woman,limit,0.106279487
complet,train,0.106272086
train,complet,0.106272086
town,peopl,0.106244575
peopl,town,0.106244575
u.,privat,0.106174361
privat,u.,0.106174361
worri,question,0.106087852
question,worri,0.106087852
4,week,0.106061637
send,fellow,0.106061637
week,4,0.106061637
fellow,send,0.106061637
infantri,combat,0.105943631
break,eat,0.105943631
combat,infantri,0.105943631
eat,break,0.105943631
limit,draft,0.105931947
draft,limit,0.105931947
presid,monei,0.105749475
monei,presid,0.105749475
duti,freedom,0.105740697
freedom,duti,0.105740697
half,combat,0.105706957
combat,half,0.105706957
race,peopl,0.10570191
peopl,race,0.10570191
classifi,mechan,0.105580798
stand,mix,0.105580798
low,intellig,0.105580798
inspect,spend,0.105580798
mix,stand,0.105580798
spend,inspect,0.105580798
intellig,low,0.105580798
mechan,classifi,0.105580798
free,plai,0.105557094
concern,advanc,0.105557094
advanc,concern,0.105557094
plai,free,0.105557094
allow,pass,0.105501058
pass,allow,0.105501058
freedom,war,0.105458917
war,freedom,0.105458917
10,dai,0.105408267
dai,10,0.105408267
victori,war,0.105372733
war,victori,0.105372733
noncom,offic,0.105318326
offic,noncom,0.105318326
charg,worth,0.105270978
worth,charg,0.105270978
educ,fairli,0.105224547
enter,forc,0.105224547
forc,enter,0.105224547
fairli,educ,0.105224547
school,field,0.105199813
field,school,0.105199813
sgt,common,0.105176005
common,sgt,0.105176005
4,complet,0.105113899
complet,4,0.105113899
navi,servic,0.105077906
servic,navi,0.105077906
fellow,fight,0.105041959
fight,fellow,0.105041959
organ,com,0.104900328
com,organ,0.104900328
defens,home,0.104882975
home,defens,0.104882975
civilian,countri,0.104874027
countri,civilian,0.104874027
close,week,0.10487146
week,close,0.10487146
ahead,bad,0.104849863
dislik,bad,0.104849863
bad,ahead,0.104849863
bad,dislik,0.104849863
mile,send,0.104845165
practic,send,0.104845165
send,mile,0.104845165
send,practic,0.104845165
home,time,0.104816795
time,home,0.104816795
20,job,0.104813809
job,20,0.104813809
deserv,grade,0.104781731
grade,deserv,0.104781731
plane,practic,0.104781731
practic,plane,0.104781731
clean,pretti,0.10475308
pretti,clean,0.10475308
school,train,0.104750257
train,school,0.104750257
station,basic,0.104674057
basic,station,0.104674057
happi,start,0.104633785
averag,mean,0.104633785
mean,averag,0.104633785
start,happi,0.104633785
advanc,draft,0.104612108
